           1           3
          61          53
          81          33
          90          56
         150         106
         170          86
         245          71
         305         121
         325         101
          86          77
         146         127
         166         107
         202          70
         262         120
         282         100
          88          73
         148         123
         168         103
          24          75
          84         125
         104         105
         178          62
         238         112
         258          92
          77           5
         137          55
         157          35
         231           9
         291          59
         311          39
          11           8
          71          58
          91          38
         142          78
         202         128
         222         108
          20          77
          80         127
         100         107
          24          54
          84         104
         104          84
         217          11
         277          61
         297          41
         253          66
         313         116
         333          96
           6          15
          66          65
          86          45
         253          64
         313         114
         333          94
          56          56
         116         106
         136          86
         137          41
         197          91
         217          71
         213           3
         273          53
         293          33
         251          50
         311         100
         331          80
         195          38
         255          88
         275          68
         181          67
         241         117
         261          97
         112          18
         172          68
         192          48
         186          56
         246         106
         266          86
         184          19
         244          69
         264          49
          79          23
         139          73
         159          53
         191          47
         251          97
         271          77
         162          53
         222         103
         242          83
         126          40
         186          90
         206          70
          32          45
          92          95
         112          75
          50          81
         110         131
         130         111
         150           2
         210          52
         230          32
          81          47
         141          97
         161          77
         172           2
         232          52
         252          32
          68          39
         128          89
         148          69
         213          20
         273          70
         293          50
         159           5
         219          55
         239          35
         133          68
         193         118
         213          98
          85          75
         145         125
         165         105
         179          63
         239         113
         259          93
          67          57
         127         107
         147          87
         167          79
         227         129
         247         109
         247          43
         307          93
         327          73
         110          27
         170          77
         190          57
         154          15
         214          65
         234          45
         235          45
         295          95
         315          75
         137          48
         197          98
         217          78
          95          42
         155          92
         175          72
          50          51
         110         101
         130          81
         163          41
         223          91
         243          71
         190          56
         250         106
         270          86
         248          75
         308         125
         328         105
         199          82
         259         132
         279         112
         164          27
         224          77
         244          57
          61          25
         121          75
         141          55
         239          19
         299          69
         319          49
         172          46
         232          96
         252          76
          66          15
         126          65
         146          45
         214          73
         274         123
         294         103
         116          51
         176         101
         196          81
         160          17
         220          67
         240          47
          24          60
          84         110
         104          90
          66          25
         126          75
         146          55
          97          14
         157          64
         177          44
         221          81
         281         131
         301         111
          49          57
         109         107
         129          87
          52          81
         112         131
         132         111
         153          62
         213         112
         233          92
         235          30
         295          80
         315          60
         248          65
         308         115
         328          95
         145          16
         205          66
         225          46
         161          68
         221         118
         241          98
          40          51
         100         101
         120          81
         168          32
         228          82
         248          62
         208          46
         268          96
         288          76
         250          78
         310         128
         330         108
         206           5
         266          55
         286          35
          52          53
         112         103
         132          83
          28          15
          88          65
         108          45
         132          18
         192          68
         212          48
          69           7
         129          57
         149          37
           6          68
          66         118
          86          98
         138          79
         198         129
         218         109
         183          46
         243          96
         263          76
         197           5
         257          55
         277          35
          65          52
         125         102
         145          82
          91          19
         151          69
         171          49
         231          18
         291          68
         311          48
         243          73
         303         123
         323         103
         176          21
         236          71
         256          51
          97          76
         157         126
         177         106
         100          46
         160          96
         180          76
         185          76
         245         126
         265         106
          85          14
         145          64
         165          44
         211          52
         271         102
         291          82
         202           5
         262          55
         282          35
         188          51
         248         101
         268          81
         240          18
         300          68
         320          48
