           1           3
          90          56
         245          71
          86          77
         202          70
          88          73
          24          75
         178          62
          77           5
         231           9
          11           8
         142          78
          20          77
          24          54
         217          11
         253          66
           6          15
         253          64
          56          56
         137          41
         213           3
         251          50
         195          38
         181          67
         112          18
         186          56
         184          19
          79          23
         191          47
         162          53
         126          40
          32          45
          50          81
         150           2
          81          47
         172           2
          68          39
         213          20
         159           5
         133          68
          85          75
         179          63
          67          57
         167          79
         247          43
         110          27
         154          15
         235          45
         137          48
          95          42
          50          51
         163          41
         190          56
         248          75
         199          82
         164          27
          61          25
         239          19
         172          46
          66          15
         214          73
         116          51
         160          17
          24          60
          66          25
          97          14
         221          81
          49          57
          52          81
         153          62
         235          30
         248          65
         145          16
         161          68
          40          51
         168          32
         208          46
         250          78
         206           5
          52          53
          28          15
         132          18
          69           7
           6          68
         138          79
         183          46
         197           5
          65          52
          91          19
         231          18
         243          73
         176          21
          97          76
         100          46
         185          76
          85          14
         211          52
         202           5
         188          51
         240          18
